-f 63028577131,94106217336,26995724198,45395030353,9820428540 --s1p 2 --s2p 0
-f 16958944878,27220127230,1074577550,91111008108,72117937222 --s1p 2 --s2p 4
-f 61595598813,89899291086,97922201752,53259434440,74951439432 --s1p 4 --s2p 5
-f 77511004013,77020109417,22623129355,695058938,7420006187 --s1p 1 --s2p 5
-f 83868066690,4244659681,84074011706,58711195865,89284143601 --s1p 0 --s2p 2
-f 62596118923,21153286134,86394963597,56708127172,69591802217 --s1p 2 --s2p 6
-f 28062648265,24892753596,56344966104,93381220951,71546769435 --s1p 6 --s2p 3
-f 82658886092,72971612279,81929326269,46432643070,63541585678 --s1p 2 --s2p 5
-f 91984234958,79903327310,47110248161,21098067220,52249338496 --s1p 3 --s2p 5
-f 17300830942,94176127245,96856530940,90178188728,33451174101 --s1p 1 --s2p 1
-f 5134150361,38981484495,42489264041,19737722885,9902377375 --s1p 2 --s2p 6
-f 840579152,47768965536,10057648728,56736204646,28106302109 --s1p 5 --s2p 1
-f 22363995411,5980782933,85975007358,54581671803,90371556699 --s1p 6 --s2p 1
-f 70198790440,41062981534,72213204262,80822940175,4759566995 --s1p 1 --s2p 0
-f 31887460168,77736780817,35718017188,54589880663,88988574625 --s1p 4 --s2p 4
-f 8935244107,32452663801,28749180780,23207967543,59007447774 --s1p 5 --s2p 3
-f 25893025268,48299362605,66017396145,87907135452,54609220988 --s1p 4 --s2p 4
-f 63116174267,86652580142,31168155364,59658291498,29352930112 --s1p 2 --s2p 4
-f 33297143642,32944220704,41853765136,71267579930,58382587325 --s1p 2 --s2p 5
-f 53540597208,54037712477,26153102205,85141378950,16660830146 --s1p 2 --s2p 2
-f 35681666808,58156780835,18577998104,26434512225,28053010604 --s1p 1 --s2p 5
-f 14387690665,90146905831,97307668232,71464362699,66077303995 --s1p 3 --s2p 6
-f 51680746505,79356722758,89910701548,15836328563,34831995574 --s1p 0 --s2p 4
-f 57370737105,86140145576,19314592525,68442301324,81872081358 --s1p 2 --s2p 3
-f 99436260152,51326628251,17726425608,50855874878,87195986649 --s1p 3 --s2p 2
-f 28355350891,97411565584,7594894977,31546086307,28321080739 --s1p 0 --s2p 6
-f 4616470977,48740540086,24512979231,97681898306,60252822886 --s1p 0 --s2p 4
-f 48374423709,43982996422,14538882830,90850112055,49098420800 --s1p 1 --s2p 1
-f 28555148850,75183891102,5783390761,70849159794,76720387895 --s1p 3 --s2p 3
-f 41095026586,89625504934,51382184851,81360184079,68242131027 --s1p 3 --s2p 2
-f 95923809094,28465977982,47390962866,83760000731,11791835595 --s1p 5 --s2p 4
-f 30310750253,17666688582,43191530086,23389668755,70838534045 --s1p 4 --s2p 1
-f 72642653855,23435934000,19910043637,22893270207,313962033 --s1p 1 --s2p 1
-f 45100350133,59839950413,49584810000,19302129429,92037662085 --s1p 4 --s2p 0
-f 77292015829,14907251446,81241854076,6589707357,4951456723 --s1p 3 --s2p 0
-f 96490057778,81571112671,93850186436,10912701801,23806728947 --s1p 1 --s2p 1
-f 66014137241,46112786415,87264152912,41500342145,92073774459 --s1p 0 --s2p 4
-f 32368431282,32204614000,99986640563,10053273756,73930317199 --s1p 0 --s2p 4
-f 98040958441,84452050810,384560045,88330922682,47366056349 --s1p 5 --s2p 5
-f 24691922410,29767444172,54806918335,16782009364,63862964201 --s1p 1 --s2p 5
-f 86095482312,46925136258,97146309535,77906747189,4806423436 --s1p 0 --s2p 5
-f 31973921580,15010174708,88176312928,1316136311,22154078462 --s1p 3 --s2p 4
-f 73951394062,28762814124,35455222975,5178810157,51969140336 --s1p 6 --s2p 2
-f 29317771074,94153124697,93775633283,85850799285,98465472028 --s1p 2 --s2p 0
-f 75441117950,55984718145,55835058334,3451920406,45898548761 --s1p 6 --s2p 4
-f 75008659212,51208339319,41037468224,27722452921,62124918286 --s1p 6 --s2p 2
-f 41127323655,33458189223,436556020,14219697426,91925947602 --s1p 3 --s2p 5
-f 77065431978,9168985433,8567634375,713268139,27984853712 --s1p 3 --s2p 4
-f 17056953359,24119177696,48822126358,78456292472,94671065114 --s1p 3 --s2p 6
-f 90736636466,44585666842,85621268795,99173254282,61701345992 --s1p 1 --s2p 1
-f 12811849518,89089413484,24584599203,65882787621,43203543881 --s1p 4 --s2p 5
-f 26505190359,83471613120,98718119958,80905761196,25357028685 --s1p 0 --s2p 6
-f 76117337687,84467354339,67689173059,83809624517,54502603181 --s1p 4 --s2p 4
-f 848189922,16443823302,16584284112,85607077555,65647455006 --s1p 1 --s2p 2
-f 33940923598,82843760424,71887587976,16837372856,15050592399 --s1p 2 --s2p 2
-f 13515684114,11217271384,64500045656,65014819414,47866714460 --s1p 4 --s2p 4
-f 23093045303,28928891196,22405361959,90263766598,73993751916 --s1p 6 --s2p 6
-f 43246582722,22671679435,94641218178,43089409073,42537762779 --s1p 4 --s2p 6
-f 50471560557,79919050418,28960206854,49119923927,11010161731 --s1p 5 --s2p 3
-f 89141576494,92638960455,79550587550,44640099118,31936357622 --s1p 4 --s2p 3
-f 52189117379,58928823481,74721478189,84166908206,94062220352 --s1p 6 --s2p 0
-f 25059786381,28067179318,41621074496,56848991314,31984960773 --s1p 3 --s2p 4
-f 88801072547,34558760766,41667492852,96289460709,48376235537 --s1p 4 --s2p 3
-f 4532420843,85536940408,43791053440,98450472131,34085922155 --s1p 4 --s2p 0
-f 99971083425,64939228959,51736252058,934032249,33015270103 --s1p 5 --s2p 5
-f 71443022533,56476315799,9592368628,16400254514,82172727946 --s1p 4 --s2p 6
-f 46279392677,42090584362,60580578164,7148213220,83244494248 --s1p 5 --s2p 2
-f 42480882383,52487256713,26306354425,50729965220,37599507419 --s1p 2 --s2p 5
-f 916697437,61611317753,34347327262,52397967231,11156662395 --s1p 3 --s2p 4
-f 64600910347,4870381320,79905191964,59921677988,37782039596 --s1p 6 --s2p 3
-f 74544086952,61789796811,54011961977,8727118444,31463158194 --s1p 5 --s2p 3
-f 90367463767,51442173338,95898858640,37014958418,83110292858 --s1p 5 --s2p 1
-f 56077214222,93147761545,28815657827,61115608512,178655763 --s1p 5 --s2p 4
-f 39829071925,73188921379,95669400171,23642094955,26324427317 --s1p 5 --s2p 0
-f 84154081904,31287015016,27903138288,52080879561,30610241167 --s1p 6 --s2p 1
-f 7283976463,52643984793,156900828,87601641803,15085845709 --s1p 3 --s2p 6
-f 43405135130,46457685613,7724300755,66387734696,41994331756 --s1p 0 --s2p 4
-f 99945911668,63064831403,7832356280,2140628914,97466372657 --s1p 5 --s2p 6
-f 22369008146,76844953056,26009247531,13681467418,69843341816 --s1p 1 --s2p 2
-f 20042766747,5160153578,4478777325,50437637342,49702678070 --s1p 6 --s2p 6
-f 94142688371,73132220931,60037451523,69747602763,3635322512 --s1p 6 --s2p 6
-f 58675687903,41904100748,17921908735,24848253814,46806240878 --s1p 6 --s2p 0
-f 63318986261,53296572921,56569426169,83279639359,32163058336 --s1p 3 --s2p 1
-f 81299218932,38651109332,45048367421,33860091269,39933774857 --s1p 5 --s2p 5
-f 43673615,2286140909,43919373855,97471045142,54114267169 --s1p 0 --s2p 5
-f 63154939266,19690977734,90213107694,99077898235,89235798908 --s1p 0 --s2p 4
-f 57384261032,28279086194,29249711346,53838737132,66827651168 --s1p 5 --s2p 3
-f 65270504541,87006568359,20204830169,14983561033,79223174670 --s1p 4 --s2p 6
-f 42599158003,2497914108,3726104052,68656995051,68483773830 --s1p 0 --s2p 2
-f 66898957615,73428922170,52487323239,86240359760,23988763805 --s1p 5 --s2p 1
-f 33111014674,76625826288,14239795037,14045072848,93071007163 --s1p 3 --s2p 5
-f 2161912458,22788031062,62734956082,40526451505,88644344826 --s1p 2 --s2p 6
-f 15776647559,10941462627,7572868090,32433034254,92806076576 --s1p 5 --s2p 4
-f 36747101921,26856949917,25898053055,94831770351,98612580531 --s1p 3 --s2p 4
-f 38205363502,64487637395,93336794920,27364159160,79599019610 --s1p 0 --s2p 0
-f 64962155229,34788537976,61924176493,19461475542,61519809595 --s1p 0 --s2p 4
-f 36110591771,31175121904,79827600324,57942622320,24908746993 --s1p 5 --s2p 0
-f 38593793145,42635902619,37482553456,68295229485,93464464931 --s1p 1 --s2p 2
-f 46288747632,9824250181,55623884177,53523306935,22595429050 --s1p 6 --s2p 2
-f 57640766351,56461922469,13901895628,78496942056,16155594687 --s1p 5 --s2p 2
-f 31161348658,73304830598,7181463237,99345312369,30680972203 --s1p 4 --s2p 0
-f 90046189304,75503853088,9630655532,35125045143,13160543623 --s1p 1 --s2p 0
-f 10623539044,87932715272,50456780279,1040120183,38426788686 --s1p 1 --s2p 6
-f 93835335261,75805475780,90778667477,72541443291,62158041045 --s1p 1 --s2p 0
-f 34568935813,34387806188,64101335237,90467257795,66740758454 --s1p 1 --s2p 0
-f 52818023691,19239788468,15100761725,78327105020,74573865316 --s1p 6 --s2p 2
-f 34523974003,32294384927,18843472921,81883109894,9224012563 --s1p 0 --s2p 0
-f 32429286921,34898452458,17712411460,4691983609,10834256072 --s1p 2 --s2p 2
-f 22465738646,82598228068,78236763537,48679449749,77060616531 --s1p 4 --s2p 2
-f 99897606799,14775857625,91223704564,16382410880,93364625022 --s1p 4 --s2p 0
-f 9112770971,98836924413,14039776847,78035402359,13418138398 --s1p 2 --s2p 6
-f 43725534207,9578144356,7165440769,13933394977,24639682992 --s1p 0 --s2p 1
-f 56196408995,64280616855,53134143050,23891528631,67791741199 --s1p 1 --s2p 3
-f 66954205869,29589457432,65738778729,355850586,42846277143 --s1p 4 --s2p 0
-f 19189990362,22700991963,23677314282,77694547894,74609703821 --s1p 1 --s2p 6
-f 48584962221,35970170708,66493529213,61181337109,75409274477 --s1p 2 --s2p 6
-f 73702624808,55095450625,84396714919,22355961508,6252506138 --s1p 4 --s2p 4
-f 43722979933,54531956721,85033645985,39534854448,65761414251 --s1p 4 --s2p 6
-f 48177156189,7282308725,73105451897,65004582640,48202239066 --s1p 4 --s2p 5
-f 43789048504,2978984924,88513031415,42030493705,15918200592 --s1p 0 --s2p 2
-f 92236327285,89349108306,64345939433,60345982360,86838297006 --s1p 4 --s2p 0
-f 12443097063,38614011059,44640743508,54549709355,79754866683 --s1p 2 --s2p 5
-f 29930200907,18950148905,91973250716,65065178698,29370115154 --s1p 1 --s2p 0
-f 51721166257,43575793568,57563680816,9015031663,29604890940 --s1p 0 --s2p 3
-f 47936894650,3021438425,16361641211,90066185073,10829164814 --s1p 1 --s2p 2
-f 49693045979,36693890418,37754291773,61875640808,15134713695 --s1p 6 --s2p 0
-f 1685333264,63269251404,67910616162,82653015345,49369552585 --s1p 4 --s2p 4
-f 52969764402,93287778226,47043635474,54748156001,46115372134 --s1p 2 --s2p 6
-f 65099041690,20585301325,86283143575,30943144506,11413381648 --s1p 3 --s2p 6
-f 10242693758,83332934382,22788528328,64155087134,80621099913 --s1p 1 --s2p 5
-f 64106536227,73611111956,6878236042,11755519213,95493606624 --s1p 0 --s2p 5
-f 73384637639,50221733623,65032590230,97970510224,58108602100 --s1p 1 --s2p 3
-f 68586465441,46715254189,28267757537,39410341373,29640129054 --s1p 2 --s2p 4
-f 55894773307,68163437885,76376120008,42525283240,89907327783 --s1p 1 --s2p 1
-f 59490608192,23603406032,59418790552,24300843815,1173528220 --s1p 0 --s2p 3
-f 14447717929,57042440098,69762747608,53083312898,98812773413 --s1p 1 --s2p 1
-f 2729830172,4470355,12400942453,85171936866,53617625991 --s1p 2 --s2p 6
-f 94610866701,86569913135,42337836715,47443345730,34110001865 --s1p 6 --s2p 4
-f 84727139297,17384716108,73825883850,12146442668,42305121138 --s1p 0 --s2p 4
-f 81986593887,75593653821,62227996801,58825034749,46910900469 --s1p 0 --s2p 6
-f 89935059497,73723101140,78249111520,47078680938,4077275018 --s1p 4 --s2p 0
-f 79761271702,33478487469,23410967313,59007060815,5072949295 --s1p 3 --s2p 1
-f 4554451565,90148017660,92629511425,9678131214,48039822248 --s1p 4 --s2p 4
-f 34860115803,11924665390,75390184120,41212342747,86643825821 --s1p 1 --s2p 5
-f 36103821943,31468766386,86350890189,61780127564,95949333469 --s1p 4 --s2p 3
-f 11792564943,58952717478,25370034568,60344693168,94590950813 --s1p 0 --s2p 0
-f 72020122113,84787237291,3444428734,24631423508,84681098246 --s1p 5 --s2p 6
-f 30152063467,35106979961,42477578637,90143825808,20828290182 --s1p 1 --s2p 6
-f 55077023694,66013922741,25301837000,76690329615,18852015020 --s1p 5 --s2p 3
-f 67393082575,66766410522,61971611313,99840527238,54368412545 --s1p 6 --s2p 6
-f 11337329274,5363112069,52686351212,40657535436,85655429173 --s1p 3 --s2p 3
-f 122986057,60637814066,8713083214,50524944812,7971142940 --s1p 5 --s2p 6
-f 26974652259,62132022744,41389403001,28731998015,47165953550 --s1p 1 --s2p 1
-f 14151955922,96918100084,6217731471,94943916440,26417600472 --s1p 4 --s2p 6
-f 98307915213,50078170035,8865415014,15969408714,28930264718 --s1p 5 --s2p 3
-f 75075386038,14643590411,77632686760,55818899243,38778225823 --s1p 1 --s2p 2
-f 19254143118,83493149496,65175623552,91198729174,4558525123 --s1p 2 --s2p 3
-f 30937984554,92084402184,28219348577,63590121826,20819859819 --s1p 4 --s2p 5
-f 12983244044,70274999467,97830559371,89919806392,92295088664 --s1p 1 --s2p 2
-f 40092258796,49846294859,36320484035,65371658966,4412053818 --s1p 2 --s2p 6
-f 21762509829,59032106490,20728899502,18131626313,77451152006 --s1p 1 --s2p 6
-f 1036930558,63520459284,96266047661,70221105603,83552494522 --s1p 5 --s2p 5
-f 86491165217,51049099959,34074363966,58692927882,75723930513 --s1p 6 --s2p 0
-f 30159876445,63160902879,50235583387,56731294049,95218472300 --s1p 6 --s2p 4
-f 80772648171,54091544188,95418629977,88152200598,29764572651 --s1p 0 --s2p 5
-f 97660255514,8983873917,46874735122,92767639241,32458020401 --s1p 2 --s2p 1
-f 92932052997,44638319779,55965644756,72384147481,15992391749 --s1p 6 --s2p 0
-f 94756026188,51532425666,47996444346,76247763694,55414540589 --s1p 6 --s2p 0
-f 78528238638,45815194672,58294658249,69750844120,69321602439 --s1p 5 --s2p 4
-f 57767024104,51001958522,40201265221,43709193703,33143907549 --s1p 6 --s2p 5
-f 84620387471,90346492882,96578028906,41362156186,36719372432 --s1p 1 --s2p 6
-f 20709988069,52197767068,47791049177,60036669674,71660761020 --s1p 4 --s2p 2
-f 21509019292,46081195801,63985900695,39807702223,32232911254 --s1p 5 --s2p 2
-f 15047750635,75578067158,18289288230,8803931525,11759154797 --s1p 1 --s2p 0
-f 56033669062,83178312330,60584216835,27440043809,83570340658 --s1p 1 --s2p 6
-f 7653980853,15852469453,56675659850,75084427252,45067072793 --s1p 2 --s2p 0
-f 33361468228,53857800288,13739849454,61225469979,61699384954 --s1p 6 --s2p 0
-f 85449742867,60598190246,49640401104,66438500997,69961118796 --s1p 0 --s2p 1
-f 55014161399,99313435280,69700832572,44678765839,85793941879 --s1p 3 --s2p 6
-f 82029341408,2495615925,12534690654,35425787604,42661502883 --s1p 2 --s2p 3
-f 66487523077,31204352392,24314823235,36162550631,1170456777 --s1p 3 --s2p 6
-f 49672444326,82571145205,28009050647,16435311243,88748077876 --s1p 0 --s2p 2
-f 88979930929,53936210505,75631821617,83990131621,70930830037 --s1p 3 --s2p 6
-f 62458981476,37244736005,44693581185,4289210308,61284258753 --s1p 2 --s2p 6
-f 45436794176,91387171324,79271683227,72572414131,16586533682 --s1p 1 --s2p 6
-f 66407957880,90019908067,28323627716,70645888873,10114133162 --s1p 2 --s2p 3
-f 21713503066,48131504811,14373050884,3750048425,58708953254 --s1p 4 --s2p 3
-f 99791596247,81108489735,24773082858,88016696433,81607755195 --s1p 2 --s2p 2
-f 96284599862,16658554037,74490641293,488900998,33582471823 --s1p 1 --s2p 3
-f 33246466377,65723645248,24892423786,2193885480,55011715571 --s1p 5 --s2p 4
-f 23948675757,44166113561,36823215337,42625908955,80265020902 --s1p 1 --s2p 6
-f 34482745184,15246552717,8836126169,32963366322,70847827879 --s1p 5 --s2p 1
-f 15323482717,87588837178,64004012188,1672035931,36883947882 --s1p 1 --s2p 6
-f 83846731497,85123356008,44571554519,20464410986,86892993100 --s1p 5 --s2p 5
-f 17113383621,77248427578,35587360352,7877912822,54277152091 --s1p 6 --s2p 2
-f 692327235,8080055585,93447733751,50678972058,37625198323 --s1p 3 --s2p 3
-f 95126290507,80427620629,18440025073,87613645478,52052288362 --s1p 4 --s2p 3
-f 78423538059,85837304905,11098276590,55067967586,80245475712 --s1p 3 --s2p 2
-f 36245116195,45760450860,55178494866,52438618107,85767182756 --s1p 6 --s2p 2
-f 55694668241,98046164040,30990224550,82795992020,37311884785 --s1p 1 --s2p 0
-f 70389622019,24974922184,24495175657,36554843817,49906731691 --s1p 4 --s2p 5
-f 99425756974,79710696273,53765166396,41074114616,73139644095 --s1p 6 --s2p 0
-f 76303236647,25743804531,28183270574,7091386833,35384326411 --s1p 0 --s2p 1
-f 87614929452,66316317091,71973925316,42208748457,1098773086 --s1p 1 --s2p 2
-f 42333773850,97851153299,62940147504,35782167250,72101306970 --s1p 3 --s2p 2
-f 65040040957,89644319214,36605763024,21392853802,96704567676 --s1p 4 --s2p 3
-f 20639413538,83699024011,99287241279,51477426545,29392720363 --s1p 5 --s2p 4
-f 99641230053,14460210612,792651340,68691009768,50672519885 --s1p 3 --s2p 4
-f 65302898982,85460713126,3725035397,56887686764,93441388211 --s1p 2 --s2p 2
-f 40252362193,23265843704,44856218580,50552849271,49084207772 --s1p 6 --s2p 6
-f 73324091443,31830624384,80106821403,34458903341,53773897285 --s1p 6 --s2p 4
-f 37182027790,81922464504,61282123850,58574003107,56733326868 --s1p 5 --s2p 2
-f 96326414895,16501143009,28057060609,84942069412,25692829844 --s1p 1 --s2p 3
-f 37536752866,94031023365,48555162120,52876506066,50996445290 --s1p 0 --s2p 1
-f 2110265654,10277498381,19450579621,1961393917,7580866217 --s1p 3 --s2p 3
-f 79018280000,89193515739,24708808700,59599624303,77372966210 --s1p 5 --s2p 0
-f 86528510570,99301036233,18846502778,48893856003,54521339984 --s1p 0 --s2p 1
-f 43229147222,47075529949,8451180131,21682801952,75906342419 --s1p 6 --s2p 3
-f 25877463311,42675649138,72090837956,20310609940,22080890311 --s1p 6 --s2p 6
-f 11628389217,14824609218,81915899030,43791674574,51850130444 --s1p 6 --s2p 6
-f 96480685536,14417930356,93514944312,48579762110,4070916268 --s1p 0 --s2p 3
-f 94934976699,28210908222,7503942182,53553718708,67855099668 --s1p 2 --s2p 6
-f 90521586220,29673625207,34577271348,13318173818,37226504757 --s1p 4 --s2p 0
-f 54134274581,69931108326,39977271839,77742798610,67177132320 --s1p 6 --s2p 3
-f 19191066410,93493300873,69759822397,84294852217,63669172970 --s1p 0 --s2p 4
-f 46540150432,94701114971,66057548824,27397021782,18953828698 --s1p 3 --s2p 1
-f 44681392455,80171704565,93957662723,60039552260,93156424734 --s1p 1 --s2p 3
-f 22176965529,45554149916,13703922621,52681715229,55845220197 --s1p 0 --s2p 1
-f 70923302418,78836818340,53876142168,45516562294,19321433276 --s1p 2 --s2p 2
-f 73817778109,41158198601,98194421920,41758527210,52363867371 --s1p 6 --s2p 5
-f 94202353846,53178112390,59936793090,6105292109,92347248950 --s1p 3 --s2p 4
-f 22560033551,10482615949,66439324986,3997020234,9589629393 --s1p 2 --s2p 1
-f 24862880719,48033856323,90526769092,82049442784,28559770317 --s1p 5 --s2p 2
-f 64180846778,89703541798,55221634933,94868823270,71153342532 --s1p 3 --s2p 5
-f 22199165157,81300483400,39718995030,76951344984,82044045038 --s1p 4 --s2p 0
-f 9686984292,13056181141,50214591900,55083505516,26768879173 --s1p 6 --s2p 6
-f 50059498066,27527075988,35649944464,68256255033,89850141108 --s1p 5 --s2p 0
-f 45786500872,18766061309,42695268048,90408589014,17062186243 --s1p 3 --s2p 1
-f 87824713039,56247310002,97424642978,86500057665,27830573149 --s1p 3 --s2p 5
-f 69544376548,62589706050,22042722262,31060110459,22763525975 --s1p 6 --s2p 6
-f 3078714921,52727063623,31284806342,10730161156,92077692268 --s1p 0 --s2p 2
-f 71368347653,41129376853,81352793861,68244901508,37966985488 --s1p 5 --s2p 3
-f 46973139426,68081265545,98963111579,43832044390,53528875340 --s1p 0 --s2p 2
-f 45200047510,81932429170,58290060942,96951985975,73461481651 --s1p 3 --s2p 1
-f 80204765604,35287818503,92625985607,31604582935,46635300567 --s1p 5 --s2p 3
-f 83558683538,54224178835,1013084245,73970713929,75465123383 --s1p 0 --s2p 4
-f 60214470297,18944154797,68794557322,48172968360,65339684897 --s1p 0 --s2p 0
-f 46255144509,93550952069,6077979196,11170573598,98224897564 --s1p 5 --s2p 2
-f 14492986755,64774105139,53268662098,35817848865,43328128072 --s1p 6 --s2p 3
-f 23998507917,52580697312,80096065916,65211990529,91011465077 --s1p 1 --s2p 2
-f 90061212952,77226733904,64806491082,66668296317,44873966571 --s1p 6 --s2p 3
-f 5730122767,26327134873,89444688103,99128203562,81863840346 --s1p 1 --s2p 3
-f 54871529291,61311517834,42475633533,7353995450,89199781403 --s1p 1 --s2p 4
-f 56069331020,5293409720,70075710496,71268093869,42284256654 --s1p 3 --s2p 4
-f 64574854689,65362587182,83101860087,59178191968,23599068894 --s1p 6 --s2p 3
-f 93521885229,45659161757,67077535171,88603558899,66269108586 --s1p 5 --s2p 1
-f 79091610071,78828198234,94283282922,70950495279,23241739138 --s1p 6 --s2p 1
-f 42879179085,94323021645,83380806442,51020697075,60692558081 --s1p 4 --s2p 3
-f 32330081029,71685301410,19282948094,73521778491,57287263493 --s1p 1 --s2p 1
-f 82682941644,86447314026,4576662035,78832952083,38961059951 --s1p 5 --s2p 0
-f 93608592957,46204353225,39492103091,78339795322,13970686146 --s1p 4 --s2p 1
-f 45378077540,36871556009,51500148690,29695321236,33608550526 --s1p 6 --s2p 1
-f 78203568973,18483544465,8760953822,58134210502,44867694414 --s1p 5 --s2p 0
-f 4445623,5190190825,57159219463,57452735947,41780047915 --s1p 3 --s2p 5
-f 80472015279,51537388914,53712863258,39438700283,26788248997 --s1p 3 --s2p 0
-f 22334995019,15225244917,59708668210,11930908085,26596489454 --s1p 0 --s2p 2
-f 9809325927,53553793543,90960047521,2317800876,73053663348 --s1p 6 --s2p 0
-f 92325149623,85862534824,13637983890,96861528223,59096379590 --s1p 5 --s2p 0
-f 40668161310,81423774161,91035321602,54454955100,81689801666 --s1p 6 --s2p 5
-f 41696474643,24345493528,12775568427,70305691324,47632084641 --s1p 6 --s2p 3
-f 7602055435,37421735544,49310228556,46724510504,26244713364 --s1p 4 --s2p 1
-f 73971657657,86461190339,84088375867,4668420582,23464832309 --s1p 5 --s2p 3
-f 70163489160,97412131297,56122271453,38514712312,33390039627 --s1p 5 --s2p 3
-f 5529933020,31006531733,727390412,51547083767,57798905253 --s1p 3 --s2p 6
-f 72965011653,93133636479,17217315897,38788750363,38235157479 --s1p 1 --s2p 5
-f 21878438633,39357357276,73189687836,12733102056,37983651643 --s1p 6 --s2p 5
-f 68869218849,58701808404,42070109813,36645422438,7224917447 --s1p 6 --s2p 2
-f 45547158924,50066997235,29386260429,65766323237,47740770641 --s1p 5 --s2p 5
-f 28108524278,34354710441,5374165196,10109098140,76779070150 --s1p 6 --s2p 1
-f 81484859491,35889838695,30654871752,74625919061,72758156077 --s1p 4 --s2p 5
-f 49643410628,87606708717,91785619214,95657561588,90780526855 --s1p 4 --s2p 6
-f 10450143758,90038337338,70355824156,56368638410,30140373737 --s1p 2 --s2p 2
-f 19333474787,21827462794,52296455463,11668519210,10926944664 --s1p 6 --s2p 3
-f 16306911207,3122249575,53255325936,58308675513,68972090446 --s1p 3 --s2p 5
-f 78880905000,37607356064,81242575506,37000407873,8767205574 --s1p 5 --s2p 5
-f 11324797701,17586663026,85255029300,38193506889,88966964041 --s1p 3 --s2p 2
-f 29320753773,16223122103,20406877588,59520771509,3512566163 --s1p 4 --s2p 3
-f 20502736809,81628351223,39130546320,53921497425,55262305715 --s1p 1 --s2p 4
-f 41690790135,19950355886,25776642745,27881685668,91789039280 --s1p 2 --s2p 2
-f 60721498832,6723737591,13962693235,57903467718,78586794298 --s1p 4 --s2p 3
-f 77862634013,15440232962,31040868425,87684889960,98420434566 --s1p 4 --s2p 4
-f 22528407965,78405034738,73694232110,66588172995,73137871672 --s1p 0 --s2p 6
-f 33206923159,13474471298,39880430655,40051596255,58244189066 --s1p 6 --s2p 5
-f 87441851120,95368794867,69391927471,74364784197,22543364647 --s1p 4 --s2p 0
-f 82764123459,37236354923,81683406984,68900255756,6933620705 --s1p 0 --s2p 2
-f 59614656104,11282486853,20740426738,68878361257,82360859677 --s1p 6 --s2p 3
-f 96111753580,87437334748,25130586759,94867119115,82221686944 --s1p 4 --s2p 2
-f 25792401219,88754295801,80802725635,74492062716,8949138722 --s1p 3 --s2p 2
-f 50614162588,38891980191,86511221706,97205194034,73023296388 --s1p 3 --s2p 0
-f 99282254248,4628760306,17139078245,19074749115,56877144440 --s1p 2 --s2p 6
-f 64852060872,81327993299,64531188356,61731360065,52277120127 --s1p 0 --s2p 4
-f 54241009225,87181098155,78352637355,99791465691,45131917370 --s1p 1 --s2p 6
-f 6569243491,48354552152,4354361584,34806528866,64173817471 --s1p 4 --s2p 4
-f 41618859958,83443557991,54288779236,38032479955,6924536104 --s1p 6 --s2p 6
-f 52062413324,27398464984,49971751558,70112830902,95760597867 --s1p 5 --s2p 4
-f 52055862547,55155201314,44913599413,26720309480,48510343683 --s1p 1 --s2p 6
-f 1726901740,52665217794,73064792373,1901324147,43880227339 --s1p 6 --s2p 0
-f 19143454359,40872374937,741736954,85150002720,91219940419 --s1p 1 --s2p 0
-f 98252463361,67372991889,7741063119,30608101191,62439962810 --s1p 0 --s2p 0
-f 65767129382,72043999740,76814174943,78669553952,24275336070 --s1p 3 --s2p 4
-f 77051027636,74229317663,34640268579,31340118642,95686452155 --s1p 4 --s2p 0
-f 70805334465,63413670695,463924731,4257387262,32003252157 --s1p 6 --s2p 4
-f 66935749775,72247603313,2209030064,43671573151,43623238978 --s1p 1 --s2p 5
-f 2585759990,34593234818,20151801268,64096837999,784078814 --s1p 2 --s2p 4
-f 13251127508,83377517412,34667972572,87273776830,25403156569 --s1p 3 --s2p 2
-f 91615230044,61496109022,38290417152,62510148615,2486323222 --s1p 6 --s2p 0
-f 43486539700,85934958949,11284194005,33129205414,46384002774 --s1p 4 --s2p 4
-f 55421106788,44416395440,25420337908,10742102133,50648113098 --s1p 1 --s2p 6
-f 98550432975,86402184665,86215962848,67536838884,6250260118 --s1p 4 --s2p 0
-f 62472976655,95880246848,68814613250,61606584212,57289806678 --s1p 4 --s2p 3
-f 72094648514,32400438939,41922661103,32408877103,34358615347 --s1p 3 --s2p 5
-f 19755537839,45385262919,23759036622,50386433288,39350956661 --s1p 2 --s2p 3
-f 42357222787,46922330382,49300375541,9366798807,85582723571 --s1p 3 --s2p 0
-f 46113077529,87438117538,54471807438,87507753830,77607446630 --s1p 2 --s2p 6
-f 49604782863,83862986654,23566414788,45734365166,44398307864 --s1p 1 --s2p 4
-f 18821675545,56383201656,77003346516,15627220724,70646265130 --s1p 1 --s2p 4
-f 10059899055,37396763489,45241479003,33296809709,48776068427 --s1p 1 --s2p 0
-f 81854090279,1337747602,57264843627,7376259605,12572451276 --s1p 1 --s2p 0
-f 88114781058,84820833866,2741824460,86184692158,7763796153 --s1p 3 --s2p 3
-f 71366333839,72598974077,91364884933,41664751052,63236826277 --s1p 6 --s2p 3
-f 63609295690,62021294303,99774580917,16761259476,47281083347 --s1p 0 --s2p 4
-f 40685427227,5411989660,38832357326,22146053664,67229117638 --s1p 0 --s2p 3
-f 47754033607,73143721519,16686609525,79232326712,21231116132 --s1p 6 --s2p 6
-f 33920291852,27454039255,30839621942,39306348111,8981742888 --s1p 4 --s2p 1
-f 17894546884,88522644055,79749829669,71619527119,82152937957 --s1p 5 --s2p 3
-f 11593071202,95247225002,99852417210,58903631964,39755287950 --s1p 4 --s2p 5
-f 82737798693,44174126682,90466702796,60182279162,6324826031 --s1p 2 --s2p 3
-f 63417708338,72762032398,79930681048,2378726716,87042932208 --s1p 2 --s2p 6
-f 41569762974,93248586817,16196047138,27686973365,19975413945 --s1p 4 --s2p 4
-f 65004026186,96146561428,67958618742,45616603027,34103441617 --s1p 0 --s2p 4
-f 65243931110,55781253689,92160101005,98604792386,64130869749 --s1p 1 --s2p 5
-f 30063585870,64066725469,84833491381,5747871310,8521020336 --s1p 2 --s2p 3
-f 16690604810,58318889307,69538211018,48796713470,72051344495 --s1p 0 --s2p 5
-f 59165996124,13970551307,37833889202,6647710838,71177592276 --s1p 1 --s2p 0
-f 49627457620,46826349909,38697858684,89789692344,84108838203 --s1p 5 --s2p 6
-f 84974758351,2634288052,70142805429,1094171280,96399292938 --s1p 6 --s2p 1
-f 98176776989,60899063844,64928768131,88160995914,88494614910 --s1p 4 --s2p 4
-f 22097456953,10895718864,13961158537,99527015175,74069900362 --s1p 2 --s2p 6
-f 76934306982,89831963299,91953269906,37974852141,3877655774 --s1p 6 --s2p 2
-f 68761348808,83962529214,8648021785,56068334314,84505243572 --s1p 6 --s2p 4
-f 53546742071,99546334278,95674603384,85752052751,59995185267 --s1p 5 --s2p 4
-f 15909131055,16422557958,25925908620,82193274691,83403074104 --s1p 1 --s2p 5
-f 20970651652,327451121,47483242820,87351539272,75284385047 --s1p 6 --s2p 6
-f 85079616903,58586923959,68898673618,22161846832,455192094 --s1p 1 --s2p 4
-f 92820344713,74405701400,37944153217,31155644668,65058661406 --s1p 1 --s2p 1
-f 91319302507,34073231602,37467277826,45339794367,86734460036 --s1p 5 --s2p 5
-f 83260924011,68846944243,63971930991,83257584211,13917801970 --s1p 1 --s2p 2
-f 79249876140,92609637476,26007570667,78748251188,37435289170 --s1p 2 --s2p 2
-f 61902467893,33631094163,23523653075,85277372228,86695700838 --s1p 4 --s2p 6
-f 43093871073,21391911441,89116089529,98210763307,91883035043 --s1p 5 --s2p 0
-f 3807785824,94768002984,49612186002,58205458868,44941770932 --s1p 0 --s2p 1
-f 69058870077,71066369880,74899377460,75090067757,386839668 --s1p 6 --s2p 5
-f 5987677707,69046196830,24158273634,45875542831,80120913313 --s1p 4 --s2p 6
-f 16571178824,23110921245,28429923248,61079112854,56540477252 --s1p 2 --s2p 6
-f 90118603961,42139079641,28986449242,91501091700,98529725873 --s1p 2 --s2p 6
-f 99895017646,87362819941,37671767962,668524917,96189045364 --s1p 2 --s2p 4
-f 42818514507,95749726942,83632961504,56162797553,61532226991 --s1p 4 --s2p 4
-f 97627785433,22494021687,24715581818,2458093641,87352595270 --s1p 4 --s2p 4
-f 26058184595,75980375595,98363730895,10869674899,12933494232 --s1p 3 --s2p 0
-f 60027452850,82127967473,2339008491,51364096087,45274902519 --s1p 4 --s2p 4
-f 30011202071,90663381929,51441589620,95328206749,39185685760 --s1p 1 --s2p 3
-f 92233998716,84544457823,9779424247,21602383901,51164160818 --s1p 2 --s2p 6
-f 30981366680,42234309521,31789147262,74465429030,67778270346 --s1p 4 --s2p 5
-f 28560162881,87280856106,12136045188,15711377648,63053357423 --s1p 3 --s2p 3
-f 71899118052,18267837518,53017681828,29813604719,82067367135 --s1p 0 --s2p 3
-f 84466019541,55346242951,609725230,85783284060,54900301366 --s1p 5 --s2p 2
-f 56978303014,38013385203,31093231622,90786686495,33911027064 --s1p 4 --s2p 5
-f 85096721708,8898516960,9092036508,62046287722,2500152724 --s1p 5 --s2p 3
-f 25772646939,12027386397,61297825394,8025075836,56073479527 --s1p 6 --s2p 6
-f 99664113829,71260083254,32818663632,11151344262,97543472069 --s1p 6 --s2p 1
-f 60605238522,20371655892,24433500590,51773958129,8185811623 --s1p 2 --s2p 0
-f 16847700169,21346420478,69939165313,16203776330,94585204437 --s1p 2 --s2p 6
-f 35340328649,2128677178,35844477210,88652993731,20981805303 --s1p 1 --s2p 6
-f 98445110244,94880492877,3036453885,73652277906,97734705750 --s1p 2 --s2p 1
-f 37278981374,79633654153,10536773922,56468962323,13974130085 --s1p 1 --s2p 2
-f 21306179444,51684417808,81072298527,25488293357,35628071840 --s1p 4 --s2p 3
-f 43489578349,87600049911,30980660800,89501959697,31632598031 --s1p 6 --s2p 0
-f 32590580261,58610500466,53783131978,40535706673,53348798488 --s1p 5 --s2p 1
-f 76692314051,86212813912,92939872962,34193841854,61094308213 --s1p 5 --s2p 3
-f 66225251634,35152435570,24095218958,70237277907,21909049338 --s1p 4 --s2p 0
-f 59573046211,44291012715,41207461580,99940514335,45013809340 --s1p 4 --s2p 3
-f 76449858863,17529583406,72437252883,37555823956,74357056947 --s1p 3 --s2p 3
-f 86296954811,57234532234,27013545257,90553939018,93713666103 --s1p 2 --s2p 5
-f 75466193615,52232379562,12393276196,51909583686,81201128758 --s1p 5 --s2p 5
-f 95009238916,52398362004,92502531704,86018605071,61129128016 --s1p 0 --s2p 4
-f 65301898211,80355141872,81239963716,43744193279,3437704276 --s1p 2 --s2p 0
-f 22990912295,65869311235,13082233626,70308994302,70955127377 --s1p 1 --s2p 2
-f 78190034982,69725807090,50385112920,76004136237,64484075028 --s1p 4 --s2p 5
-f 81190959384,88263371280,52593764077,80547339603,82135711686 --s1p 6 --s2p 0
-f 81110460343,75854247025,40447237028,88658327959,35371693147 --s1p 0 --s2p 3
-f 70930877052,51538733986,16336593136,58658122139,45360789548 --s1p 4 --s2p 5
-f 75775038360,7534256091,54567942658,30523496395,86499964285 --s1p 2 --s2p 3
-f 59960134578,94824042148,76491076745,81707493857,15307593608 --s1p 0 --s2p 4
-f 93034607367,58928158198,29914331387,13246948352,50135446439 --s1p 0 --s2p 1
-f 21719226613,33616686278,4123943830,46291367767,13531180218 --s1p 2 --s2p 1
-f 13228910340,831028856,71680081305,22515739224,88803067760 --s1p 3 --s2p 1
-f 32210874118,65095757040,74641420969,94006947599,8125730182 --s1p 6 --s2p 2
-f 12569942195,31251337517,77724302469,28538395398,99192778632 --s1p 5 --s2p 2
-f 74985758590,57807034574,40487938057,17375600963,94307407459 --s1p 6 --s2p 1
-f 99991802530,33937164134,35393153308,2126975353,61897498399 --s1p 5 --s2p 6
-f 17076742158,72142177366,72678227087,13750310778,73910691031 --s1p 0 --s2p 1
-f 56998206811,74861266004,12605188498,52280905145,59865683982 --s1p 6 --s2p 2
-f 27885529598,33544103136,38380288191,25566341425,24012780151 --s1p 3 --s2p 0
-f 9941267524,8099234657,11533512710,48924787119,73724589294 --s1p 1 --s2p 4
-f 46246663804,7018103606,94468205501,13129535070,62531829680 --s1p 6 --s2p 4
-f 14401801939,43648666871,33557641078,40759340356,98592621739 --s1p 5 --s2p 4
-f 67096181620,17878786265,45582013524,90842053253,86327737892 --s1p 5 --s2p 3
-f 67347682383,8543876162,53015913318,56270963854,27976640228 --s1p 3 --s2p 1
-f 68548116260,60700805308,27509111526,57564170494,41746634285 --s1p 1 --s2p 3
-f 21827890852,48573446887,36313892520,99935717991,67181927681 --s1p 1 --s2p 6
-f 43025559178,17062345344,12453970068,37792040766,52797959227 --s1p 0 --s2p 4
-f 50802838850,53901785968,73106133423,14281007436,37602895191 --s1p 3 --s2p 0
-f 37149260270,11681842257,96345093368,45428917672,16126950433 --s1p 5 --s2p 2
-f 35225809834,17832541680,84824049151,88414702578,73886420592 --s1p 4 --s2p 2
-f 56496609917,78002179037,15532387106,21994901302,90334524075 --s1p 3 --s2p 0
-f 88076100212,59229552505,71020394213,19482173470,93503894479 --s1p 1 --s2p 4
-f 65296597645,86051704811,36423707172,25592335519,48930560442 --s1p 2 --s2p 2
-f 9406275159,39618764074,8388336473,78297328853,82374966175 --s1p 3 --s2p 0
-f 28376601016,27002049557,92381743096,8752945359,1680207979 --s1p 1 --s2p 6
-f 4264570873,67428143768,24039911912,92975234768,52013091205 --s1p 1 --s2p 4
-f 12159056429,21357775471,7656142680,49730642950,72635911187 --s1p 0 --s2p 1
-f 67234923704,48278575703,52837144614,52571295576,58796196931 --s1p 4 --s2p 6
-f 29726460540,76821962919,89353045597,41266461556,23858278056 --s1p 2 --s2p 5
-f 3991748714,8981053645,15035062127,65216409736,41305699734 --s1p 1 --s2p 5
-f 85970060380,62628924728,59142418739,79978526586,70366697735 --s1p 0 --s2p 3
-f 35861848585,71035885399,64025659791,90518097453,86425888128 --s1p 5 --s2p 2
-f 93924524138,62268112572,45159963266,98466411885,90442388931 --s1p 0 --s2p 5
-f 18784503205,95357450412,64699220514,64547324930,39895537674 --s1p 0 --s2p 1
-f 74877110501,48196697888,45490772281,59240638605,99234641563 --s1p 4 --s2p 4
-f 91259108534,57853855986,4643335320,42594449741,61604968972 --s1p 6 --s2p 1
-f 40373643226,34033607995,50170262089,58905321917,43241738506 --s1p 4 --s2p 0
-f 20112550113,34370105724,60249178894,91006081531,47494135644 --s1p 6 --s2p 6
-f 53578049884,97616376364,80817701066,87072065250,48311396886 --s1p 6 --s2p 5
-f 38414165531,20850492735,59080514004,36810371930,98483381411 --s1p 0 --s2p 0
-f 49527279848,36375417743,95707903392,65407333349,84031219696 --s1p 1 --s2p 1
-f 89525651338,72170290744,41265006956,30872737302,32250101553 --s1p 4 --s2p 0
-f 93155824931,1924497745,32795804719,81871645075,54685837351 --s1p 3 --s2p 1
-f 24391656560,69495830487,55862569528,63563770696,95662886696 --s1p 1 --s2p 5
-f 73019871600,73679606866,82102953598,59895407292,73876664754 --s1p 1 --s2p 3
-f 49171311140,12075902358,88318601244,36681317490,92917157744 --s1p 3 --s2p 5
-f 8840475622,98040342394,73805557324,40209061108,63826432262 --s1p 3 --s2p 2
-f 27027010375,96075951621,53273083434,91013666223,87439508187 --s1p 4 --s2p 4
-f 28441164778,9316288917,29511332382,75063292483,73514011393 --s1p 2 --s2p 4
-f 89473597056,47045830301,25417769710,94817322126,73872367841 --s1p 0 --s2p 5
-f 83821805150,69268386093,87105665847,10520652238,38343328390 --s1p 4 --s2p 1
-f 18480485267,97651220581,48500392528,81031728061,11142471387 --s1p 0 --s2p 4
-f 51523763788,93078487076,93096394904,34563887675,13731876505 --s1p 6 --s2p 1
-f 89847936742,21194141910,56662057591,37327863235,97311581833 --s1p 4 --s2p 1
-f 88664423732,30368526044,12347202378,6959037857,33029863291 --s1p 2 --s2p 0
-f 47539445012,23444766385,18063105593,55678935,20545439502 --s1p 2 --s2p 3
-f 78649894796,14836366436,11620467238,35590325709,4185167246 --s1p 5 --s2p 3
-f 26508676550,97910432392,41179757735,44587494931,78468959435 --s1p 1 --s2p 0
-f 47590857670,31502974353,16414913509,21902491641,97696800787 --s1p 4 --s2p 3
-f 53404419090,3562117377,50143763601,42089180041,25439808032 --s1p 2 --s2p 2
-f 85360902762,10101548809,11022339358,3440746648,50332066464 --s1p 5 --s2p 4
-f 91713924549,73231988049,97450322830,95821989920,36192255404 --s1p 4 --s2p 2
-f 68513329812,29231054395,18341064959,29879326484,50395523214 --s1p 0 --s2p 2
-f 83888063914,38810922459,29033230677,15678788977,49919294390 --s1p 2 --s2p 0
-f 46513958068,55901231410,33298997613,47043584177,85104369338 --s1p 0 --s2p 3
-f 62818572026,18906866529,36748802641,41180666605,99254428414 --s1p 5 --s2p 0
-f 9149908270,40393624661,67467298197,46636464565,71850375632 --s1p 3 --s2p 3
-f 93842101767,14296586415,36322289947,37773618699,25973543280 --s1p 5 --s2p 0
-f 86765591224,60397883511,94981903540,77713481154,94122765806 --s1p 3 --s2p 2
-f 35214394651,13045361575,99265627270,10708478203,94494469380 --s1p 5 --s2p 6
-f 4208572857,41616180868,4294243368,39248981131,73508441284 --s1p 1 --s2p 2
-f 55448546596,84883930314,18670119163,73792738330,71397244289 --s1p 3 --s2p 6
-f 61200162863,57816847813,62111722575,68144458757,22237186675 --s1p 2 --s2p 0
-f 68254672473,77366372308,43671606826,15114159062,52989730026 --s1p 3 --s2p 3
-f 64388578564,10325970636,94452534595,92039246515,64303735401 --s1p 6 --s2p 1
-f 93693685353,26969341751,38182573882,24161431147,88731688569 --s1p 1 --s2p 0
-f 98756861499,12528489632,4387690803,99318332324,20306950597 --s1p 6 --s2p 4
-f 97101109685,83670296529,11787919161,87819767853,69719592273 --s1p 3 --s2p 2
-f 59825822500,98611117214,90679435085,33021165805,72558270957 --s1p 0 --s2p 1
-f 40417336791,45483274872,60659530021,6688386626,88821874263 --s1p 0 --s2p 4
-f 72130325746,56634929888,95470937897,86551670088,15843105930 --s1p 3 --s2p 2
-f 73937183042,2082419421,6581604367,85708108259,78074877879 --s1p 2 --s2p 6
-f 94198044430,3371377523,58395817285,3403562546,53987825227 --s1p 1 --s2p 0
-f 86690653053,4416709206,64088264418,5665167920,49704053344 --s1p 3 --s2p 0
-f 18034826467,33034129322,2088288907,14614162586,68923237110 --s1p 2 --s2p 1
-f 75181267544,80068806783,56244559765,37136587319,54906493576 --s1p 5 --s2p 5
-f 77967598110,20958756578,59878665382,42761902521,14645926246 --s1p 4 --s2p 6
-f 85027439017,88138628450,25111729277,34537954612,10297676714 --s1p 2 --s2p 3
-f 93462696851,38806613888,76336583221,52259975636,4563458956 --s1p 2 --s2p 3
-f 1481095591,36229796272,63915181588,28949397584,76254298686 --s1p 3 --s2p 0
-f 13214837670,61180895153,97596345990,57519085022,27933041659 --s1p 6 --s2p 2
-f 43686832600,79951685177,12418228851,59154884943,15630207244 --s1p 4 --s2p 4
-f 48576745552,76517079130,26817476953,11736812281,9093623845 --s1p 1 --s2p 1
-f 15080827740,88838396043,29503352356,34446221507,89995491456 --s1p 0 --s2p 3
-f 77137204306,32959124097,12455934482,52596583325,87783325044 --s1p 6 --s2p 5
-f 34649894319,66606350893,32767496263,46237096593,20272441577 --s1p 5 --s2p 4
-f 70863903018,74946992351,83238284646,57828735766,44508286485 --s1p 6 --s2p 4
-f 70199417973,80941670970,55061236893,56460651490,96716095980 --s1p 1 --s2p 3
-f 94164732871,15081095156,67420890874,65783266969,5412473234 --s1p 0 --s2p 4
-f 59432432594,32146614862,26639463803,38964845152,47893403756 --s1p 6 --s2p 3
-f 38205219738,39885574994,83721900249,31170682234,81117025789 --s1p 1 --s2p 0
-f 72398650414,39319608439,56138821541,33710082386,57163042768 --s1p 0 --s2p 3
-f 63371252319,31099465691,91377096072,73858599716,57029298682 --s1p 4 --s2p 1
-f 99625133372,74818746186,52581919430,39394284315,63845455030 --s1p 6 --s2p 0
-f 30156428250,45027597533,2650197953,65953571857,6036111717 --s1p 3 --s2p 5
-f 67220670056,578931482,20437043372,59362871641,41643967706 --s1p 4 --s2p 3
-f 37912674389,32471550510,16323585752,35353498914,69055491392 --s1p 0 --s2p 1
-f 97419123693,31767377172,19839086276,5908413493,22668256434 --s1p 2 --s2p 6
-f 73040247082,87532287158,88486494036,70802437068,40285533230 --s1p 3 --s2p 2
-f 30171555734,60743917249,20400187231,76912657141,71610513047 --s1p 2 --s2p 6
-f 13488000056,47665572143,73741373701,20646113448,16245546456 --s1p 1 --s2p 0
-f 92147767111,51877866695,61809340175,58552172905,13918902238 --s1p 0 --s2p 0
-f 17324559508,22444301174,67899070558,34706758714,62616206819 --s1p 2 --s2p 0
-f 98075294344,54277346261,19542083760,89434659743,2626210891 --s1p 5 --s2p 4
-f 33424719935,84929372252,19618856422,59946485607,13346374127 --s1p 0 --s2p 0
-f 98700579195,52045511735,387758916,51389787785,68067427469 --s1p 5 --s2p 5
-f 77017044728,554366631,69703428558,99177305299,95050759215 --s1p 3 --s2p 0
-f 86714335367,155280655,20758326315,25841413159,54190742136 --s1p 5 --s2p 4
-f 49088693479,36189495018,66444852931,42657568102,26766267053 --s1p 6 --s2p 2
-f 9410622769,34283314682,44271809288,55048403473,20145964257 --s1p 5 --s2p 4
-f 73500496073,87704916130,921205689,53824926888,16670915189 --s1p 2 --s2p 2
-f 17485743675,1184566035,23694914666,21851702674,33580110245 --s1p 1 --s2p 0
-f 84859553870,22051621005,32491802687,25812138013,52104831448 --s1p 6 --s2p 0
-f 65278380989,19060463906,35179124741,44168131293,34004187401 --s1p 3 --s2p 1
-f 30941829379,19373450639,594439788,93786960431,23087752350 --s1p 1 --s2p 3
-f 92581036452,76102883445,1733021265,54672608843,24414355640 --s1p 3 --s2p 1
-f 86455690523,86852087162,43666640763,91529461746,32281527412 --s1p 6 --s2p 4
-f 37023387615,6008136608,10672867283,4991293589,15506566840 --s1p 2 --s2p 0
-f 5806328168,63331382327,1133292100,16417821322,39802565747 --s1p 1 --s2p 4
-f 63175755610,43960880002,43156598000,48069307481,91327967406 --s1p 0 --s2p 5
-f 18502720640,80758300369,69021568203,9299444322,84514121662 --s1p 0 --s2p 1
-f 55474149119,73541031303,98794798514,76713613030,27207369174 --s1p 5 --s2p 2
-f 43804354773,25499190910,26719285730,37139745112,98224601349 --s1p 5 --s2p 1
-f 17846792943,91209038419,12142359841,3507815954,1885543659 --s1p 1 --s2p 0
-f 1719714418,84151348164,93536036297,72415587581,75039683159 --s1p 1 --s2p 6
-f 18992474938,33525565974,30184363502,5509553880,11099418799 --s1p 5 --s2p 1
-f 49713161391,61432288144,57192602926,88778266599,7501339421 --s1p 1 --s2p 3
-f 67125805588,43380527513,88655193788,41525037154,52232323171 --s1p 5 --s2p 5
-f 17298620675,51489657144,57759389928,83222383014,37217817088 --s1p 6 --s2p 1
-f 13635145573,16350747767,8631095372,6652229073,12670622803 --s1p 2 --s2p 0
-f 4492277939,1648698409,60829715135,91258090827,45233001011 --s1p 4 --s2p 3
-f 70787994549,44539511241,31519723560,71245372241,35714230554 --s1p 0 --s2p 4
-f 84709559067,80322249577,53360836430,3032435806,99135148764 --s1p 4 --s2p 1
-f 10031922162,36035504350,38790970028,95900372332,71023573502 --s1p 6 --s2p 1
-f 77120991824,95534988428,46878896521,67625493492,65853895890 --s1p 0 --s2p 2
-f 93037180905,62308310190,86122647839,93013463647,33996717117 --s1p 6 --s2p 6
-f 72281710413,81158565186,28457429023,28277499208,24990485205 --s1p 4 --s2p 2
-f 90719765158,72794106589,62503943664,75151029087,91418205562 --s1p 2 --s2p 3
-f 72331616519,62690418411,65688612884,33842968812,17914487570 --s1p 4 --s2p 3
-f 79027609661,82556571160,54554174139,37818582650,4141293648 --s1p 2 --s2p 1
-f 4477729931,32413431012,51266079000,66710376538,59891107868 --s1p 0 --s2p 5
-f 32219924749,60676232605,91318689673,91542810143,85825110009 --s1p 4 --s2p 6
-f 23930084401,52897394860,71558686329,26182523658,66126097945 --s1p 0 --s2p 5
-f 12051325995,48856866090,10822631992,62441690512,10068523765 --s1p 1 --s2p 0
-f 86828034090,56738312111,59507589213,722453167,43800786579 --s1p 5 --s2p 6
-f 35650185941,86734494833,97714778697,74397207563,42107518480 --s1p 4 --s2p 1
-f 46294274100,65449899210,77895126504,9788309318,39907784573 --s1p 1 --s2p 5
-f 72814282291,18808540661,49695031995,82573495362,82931333763 --s1p 3 --s2p 6
-f 62095319842,98121428160,54261567351,92339417160,47735919267 --s1p 3 --s2p 5
-f 46316772558,17508943015,67033312028,7787185343,68742771109 --s1p 2 --s2p 3
-f 32004926618,73278942793,68996643592,18314675198,8970625091 --s1p 5 --s2p 6
-f 26425619438,57937060509,70745926822,76425463401,16621610755 --s1p 5 --s2p 2
-f 68384398861,36618074683,75649639156,88391034701,44642321368 --s1p 0 --s2p 5
-f 98514582381,29478507718,33228968786,97672095943,28137436359 --s1p 1 --s2p 2
-f 87903719903,23304565681,14122220557,25986616947,74889337283 --s1p 5 --s2p 1
-f 78725573995,67706518861,94910757742,58797095316,66173507143 --s1p 2 --s2p 6
-f 46692788443,33991100209,4233955778,73427677015,79577684938 --s1p 5 --s2p 4
-f 65930714557,92642847836,22206953409,28655678611,6516208498 --s1p 4 --s2p 5
-f 42448080514,97805337843,83254695970,36703808820,51483810947 --s1p 1 --s2p 3
-f 14238737812,76597251554,15921981875,41743590303,76341915283 --s1p 3 --s2p 0
-f 36581574970,19719680853,23529601360,8779900815,83292579313 --s1p 4 --s2p 3
-f 61758393104,65106871565,48643612417,21330126198,29793459649 --s1p 5 --s2p 2
-f 65312295393,12719274745,94634276359,29812528448,62693807957 --s1p 1 --s2p 0
-f 76310822554,21889524774,27169580650,15674666119,45395093504 --s1p 0 --s2p 3
-f 71783082562,60732182232,81244944727,57451063941,19842391497 --s1p 1 --s2p 5
-f 52398638495,1410212372,16598690889,441840327,87026722132 --s1p 5 --s2p 5
-f 92727997553,88570291825,52068672999,18295537990,29358443964 --s1p 4 --s2p 5
-f 26568427336,34005551743,7365248822,40001686707,62984799654 --s1p 6 --s2p 1
-f 20360916216,75391771226,8218114829,52082284073,8448556141 --s1p 3 --s2p 2
-f 90671176778,9077730024,2370308935,52502386127,37710624501 --s1p 2 --s2p 5
-f 30233007333,5185673026,33371806647,10787176266,86578537159 --s1p 4 --s2p 1
-f 27451662011,65626034610,55779501280,68752307305,3369103846 --s1p 5 --s2p 5
-f 60615842126,42008187861,39301108581,60313970578,64905524758 --s1p 5 --s2p 2
-f 5336529407,82927283133,10002538388,23954746507,35757416812 --s1p 0 --s2p 0
-f 6155779191,40148271090,47901835160,78019320060,43920023639 --s1p 6 --s2p 5
-f 27733302300,67112964247,92927767750,71982116021,34472110753 --s1p 2 --s2p 0
-f 86116880695,55944902508,37738890116,68451820727,96232028787 --s1p 1 --s2p 0
-f 65884577994,7733469688,52249691234,20949503107,55669499177 --s1p 1 --s2p 6
-f 7086860605,95624621764,99797235006,82430573252,97272622259 --s1p 4 --s2p 3
-f 48921725084,43699023350,64712284685,8038342814,66434554323 --s1p 4 --s2p 0
-f 90982364620,3763014705,8653389698,81823092380,85463078432 --s1p 0 --s2p 2
-f 86316191206,87644619358,95135405321,23613513912,3404858814 --s1p 6 --s2p 2
-f 29189070088,60278992152,97523361467,91408209977,70631512577 --s1p 3 --s2p 3
-f 57634121080,61627200248,43659736045,89507693074,43409368020 --s1p 4 --s2p 4
-f 31475007056,57432049123,76094019941,59111000090,64177732280 --s1p 4 --s2p 6
-f 76024008639,20091317424,27511514838,28632173065,8969282932 --s1p 0 --s2p 0
-f 5540243451,69459705855,62662944818,38115712134,99696257690 --s1p 6 --s2p 0
-f 25444342150,82555485349,64559206310,19363654338,51265986431 --s1p 1 --s2p 2
-f 54696866696,51233551507,75411860973,93695092367,21991877781 --s1p 5 --s2p 0
-f 41396002603,35859024631,57337476541,44721127924,14232701358 --s1p 3 --s2p 6
-f 62577107664,11520033046,31483077628,55906054952,92024914734 --s1p 4 --s2p 3
-f 61466600326,67826705734,41838697258,45771859820,90395080121 --s1p 1 --s2p 4
-f 7553408962,53513847115,48158387960,15614534474,98032698235 --s1p 6 --s2p 4
-f 75962438968,29323331357,66366428975,3344123283,97887744222 --s1p 5 --s2p 5
-f 63922342954,91582171685,31700947591,90003951222,76090723727 --s1p 2 --s2p 2
-f 42183990407,7269129294,2945238057,40268785376,52512722396 --s1p 5 --s2p 0
-f 79106638455,82380837502,61200277005,13707235607,33063330924 --s1p 2 --s2p 6
-f 91298617898,92245373509,54810750919,9335043418,37337028735 --s1p 4 --s2p 1
-f 66243509584,18615803169,56122075705,63037085076,43567886399 --s1p 2 --s2p 5
-f 66604809831,62449353859,77166562519,31981034291,72101567987 --s1p 6 --s2p 5
-f 44578620812,68472004379,53985960943,91835551187,12460360544 --s1p 3 --s2p 1
-f 43121480816,63708100413,68754673468,41345403618,59013708695 --s1p 4 --s2p 3
-f 48191038852,48656192487,12375824575,20821987471,24243463611 --s1p 6 --s2p 3
-f 6416393159,65871111535,12487565934,76075407021,56367036029 --s1p 4 --s2p 3
-f 36657209919,63496766851,17243788629,8111805010,43508859031 --s1p 1 --s2p 3
-f 16905826711,16478277877,57304485879,27906886473,50123014820 --s1p 2 --s2p 5
-f 36720829552,38942836516,13842925298,88331982342,60864633052 --s1p 5 --s2p 0
-f 6833135786,91246211175,76836128996,56605229788,91260256841 --s1p 6 --s2p 2
-f 89681691413,6123116251,76071585960,13376269757,24436551903 --s1p 6 --s2p 0
-f 48308458511,71236950022,59165607872,60220707433,60995607638 --s1p 1 --s2p 2
-f 41006449146,92352535927,22622704210,85806695234,65001426338 --s1p 0 --s2p 3
-f 53499929091,50214868240,24301559083,79929853321,44642955469 --s1p 5 --s2p 5
-f 89466327767,89739441728,90318806840,8783834627,39815989020 --s1p 4 --s2p 0
-f 42865994412,69709149922,72430225026,33415415431,47288918421 --s1p 5 --s2p 6
-f 96368420166,84455349204,86697010187,55341960867,5583457205 --s1p 4 --s2p 4
-f 76432418391,8354157141,38811233891,67287410552,59091432788 --s1p 6 --s2p 3
-f 94015012576,83384877901,90871555069,63784289823,31730704048 --s1p 6 --s2p 1
-f 59816623879,99817480503,98660848922,26663075925,20982028827 --s1p 0 --s2p 6
-f 89858515493,640013228,33099364119,49751348942,14991996473 --s1p 0 --s2p 5
-f 64781911435,68116401976,95165947179,10038838718,41594668988 --s1p 2 --s2p 4
-f 56825156836,36159147493,39469269983,38383031810,99958189804 --s1p 2 --s2p 4
-f 47103187231,9872332385,23881276244,11453621345,64976801577 --s1p 2 --s2p 4
-f 12361005740,83383288150,31635766843,8738345769,54382918673 --s1p 5 --s2p 2
-f 33081392220,38305370699,92117584778,22392604066,23356714438 --s1p 0 --s2p 5
-f 17039163119,28186301366,60622117526,75045117473,5295006235 --s1p 2 --s2p 2
-f 90631123845,13889291929,9686080420,97622408622,40791984438 --s1p 4 --s2p 6
-f 735092601,24925748213,15274075082,92793916490,8203152483 --s1p 5 --s2p 4
-f 42951889037,20257958186,57259858399,53184633699,98602022920 --s1p 1 --s2p 2
-f 1575373413,47787630397,22469673877,85841797467,77137378700 --s1p 6 --s2p 0
-f 78592855933,95358670953,34363879566,40834988423,95433605466 --s1p 4 --s2p 1
-f 56534012688,34742467242,46873624006,23552007947,92551030806 --s1p 6 --s2p 4
-f 92078202855,12410384706,58794534537,70044490036,36976280476 --s1p 3 --s2p 6
-f 89564485882,7943138590,29932826861,87262809911,75041552301 --s1p 5 --s2p 4
-f 15295277599,90454735288,95589784989,47994442017,68304897010 --s1p 5 --s2p 6
-f 83691663806,58186227025,49491390779,44195607606,75964559280 --s1p 2 --s2p 3
-f 57248194778,90235202541,52893661179,95671667403,18769736684 --s1p 4 --s2p 6
-f 4610793310,46100516284,73345615301,78700071863,93842457780 --s1p 6 --s2p 6
-f 23904094192,19771747990,42309260268,41290523924,3550854976 --s1p 6 --s2p 0
-f 19399545069,53472782800,5498069719,83137912902,9981212675 --s1p 6 --s2p 5
-f 66212810516,91206214231,31267533369,30309296099,79373716699 --s1p 6 --s2p 1
-f 62709227430,14664238647,80188500556,80815087144,6038606009 --s1p 6 --s2p 1
-f 798113033,36711346234,45475120934,36633103678,56540447279 --s1p 3 --s2p 4
-f 26261365957,64488114361,81049691269,96647715994,34799874903 --s1p 1 --s2p 0
-f 62214100985,72040046178,5275581966,19880930290,38995884963 --s1p 4 --s2p 6
-f 91806239366,65171010707,2114684300,36171487890,7311087906 --s1p 6 --s2p 0
-f 21378304747,80024271502,86396359045,60842995109,48178745171 --s1p 0 --s2p 2
-f 38773928183,24250828515,22707675186,78669499704,78434594137 --s1p 2 --s2p 1
-f 71158181653,7718220566,12224916253,9080187662,72865915266 --s1p 6 --s2p 0
-f 13829498612,20681532092,96535068765,69414816110,71131771720 --s1p 0 --s2p 5
-f 51506719539,40531001823,51254135898,79405551559,23458553868 --s1p 1 --s2p 4
-f 89080341836,84436079623,66349196794,85054139982,58894554428 --s1p 0 --s2p 2
-f 90425090997,47908856578,58116424209,41270631714,67162628087 --s1p 5 --s2p 3
-f 34604857082,96692866057,72248952806,85266309677,97230002112 --s1p 3 --s2p 5
-f 91192927943,27269288605,31199974625,71170244416,20287696268 --s1p 3 --s2p 1
-f 21222011089,37369144875,87270154745,5917568664,82909631375 --s1p 3 --s2p 5
-f 79668946615,45766757339,35534900606,56498712880,84607914463 --s1p 3 --s2p 6
-f 75439662362,3965034788,48522800451,2963568863,98453839042 --s1p 6 --s2p 0
-f 56564909139,42269531057,27801761103,70123947366,44724153788 --s1p 3 --s2p 1
-f 64281298584,56859059786,11489489610,6763602258,76327858893 --s1p 5 --s2p 0
-f 76144581738,26980671079,76081948376,94123834341,29853645884 --s1p 0 --s2p 3
-f 1961656917,15013723886,96690773177,596056512,90832302152 --s1p 0 --s2p 3
-f 37769382147,70457018830,41981553614,87469918377,18531715068 --s1p 5 --s2p 0
-f 99234922096,34666847290,51705930966,52651715942,15284387076 --s1p 2 --s2p 5
-f 72106904042,47634815941,32929066739,39590756428,45244429862 --s1p 3 --s2p 3
-f 64425689202,55959000870,58095586386,52517413650,36547236417 --s1p 6 --s2p 6
-f 61327516777,38379356726,90188427799,23500157677,53151071788 --s1p 4 --s2p 4
-f 67241203535,2491611340,85322182737,20521781949,74786103324 --s1p 0 --s2p 3
-f 81890064348,19900078021,36966028436,18006496157,50091667740 --s1p 2 --s2p 1
-f 31398093170,91903340578,69323206228,5369093209,59440108864 --s1p 0 --s2p 5
-f 89549906741,26451683842,67161680863,91462491212,69854129654 --s1p 0 --s2p 6
-f 5885545978,20840215296,91130805170,50801758577,3894277413 --s1p 2 --s2p 0
-f 33397508946,95885629615,13781537604,83890356649,98199215950 --s1p 4 --s2p 4
-f 60074941968,16737200181,8524296075,40036921491,72803125762 --s1p 2 --s2p 2
-f 96469265120,43492290543,54503920881,55931437295,5714588077 --s1p 6 --s2p 1
-f 24202319243,87931367855,49413912824,68607334250,63113514824 --s1p 6 --s2p 4
-f 92498432210,78886422013,61531832853,85160717274,92454704827 --s1p 4 --s2p 5
-f 60793213763,38009122491,68825552653,27079967423,75255804149 --s1p 5 --s2p 1
-f 80519180394,48045967362,34661187410,68796055048,88787382629 --s1p 5 --s2p 4
-f 93991582075,85420970478,96225561551,97921459232,92391910987 --s1p 5 --s2p 3
-f 19905539110,23016036079,428226951,10256005830,67443128593 --s1p 2 --s2p 6
-f 31643393255,65318434742,24618631301,7682538724,6928277732 --s1p 3 --s2p 3
-f 54459854002,56766790882,5305654793,78081935921,96009211343 --s1p 2 --s2p 0
-f 56329273328,95455977598,57582193077,95823606481,22152876430 --s1p 1 --s2p 6
-f 8139326447,90808641926,93390919080,48230401392,32256647032 --s1p 3 --s2p 4
-f 93452662935,50845353598,32763988359,4453937692,81296789465 --s1p 5 --s2p 6
-f 15083157811,43301487156,57881324004,97814967086,11962749839 --s1p 5 --s2p 5
-f 42011045968,84018809022,81734918443,12102811575,49319082677 --s1p 6 --s2p 2
-f 7586942773,14746656464,89522067666,50091590967,13065948274 --s1p 4 --s2p 3
-f 92038405077,13332476738,16763223956,26534796270,3255710220 --s1p 5 --s2p 3
-f 3081702253,91023087856,86287920264,30544224272,88085998290 --s1p 3 --s2p 4
-f 53184189969,1102870365,49779160451,10700459290,97552747144 --s1p 1 --s2p 0
-f 26048094226,27449967175,94800369759,78307984411,80654401606 --s1p 2 --s2p 2
-f 89807376083,24197842883,76267778754,79864780502,58042253863 --s1p 4 --s2p 3
-f 30442752654,33847771870,7438694311,28082173562,27656418032 --s1p 6 --s2p 1
-f 44821817084,4553474850,30321980487,77735178450,71137491382 --s1p 2 --s2p 0
-f 26612313374,55171102873,3113589888,3833461008,13958899615 --s1p 3 --s2p 4
-f 94690186489,3673109871,90662713050,89264471733,30217598996 --s1p 0 --s2p 1
-f 80139304293,11355335154,30636996481,35042069945,71995379894 --s1p 0 --s2p 0
-f 43991639394,22234919906,95655803020,23406452675,79703820312 --s1p 2 --s2p 1
-f 17361883835,88142134505,37104224355,34537801379,87447598078 --s1p 0 --s2p 6
-f 33797460079,4179922572,81058114428,21566106263,20497889839 --s1p 1 --s2p 5
-f 82094216638,44013149549,87170262864,74696623936,84160389954 --s1p 1 --s2p 2
-f 6055058098,79213577074,57323564552,51139405402,79625992426 --s1p 1 --s2p 6
-f 86256575057,4635418235,81064175724,10926005734,66657344448 --s1p 4 --s2p 0
-f 61938619511,30356499201,58272510893,40931700795,17687723340 --s1p 1 --s2p 2
-f 11656200426,35373525868,19326615571,36180018414,87927092721 --s1p 0 --s2p 5
-f 15669661846,57097678733,94681280494,56350895797,12723592373 --s1p 5 --s2p 0
-f 63396483562,68070415460,46247478297,36853356056,90332668852 --s1p 4 --s2p 4
-f 61973327128,58459991330,32607457016,6904538285,15729429203 --s1p 1 --s2p 2
-f 3423898268,58111042772,3818637705,97322954673,44987040742 --s1p 4 --s2p 1
-f 68757328191,80185754686,77244892133,18153857099,70527697698 --s1p 3 --s2p 2
-f 12786098522,7098647218,27165587762,75166148049,97997254448 --s1p 6 --s2p 1
-f 98530963811,24147489980,67341720295,85989051090,98581739536 --s1p 5 --s2p 2
-f 81579217884,58545967497,5011397361,36768133987,28782238960 --s1p 4 --s2p 5
-f 93080775804,31821869664,11253784780,80436200001,90920568272 --s1p 6 --s2p 0
-f 87178824631,14174115579,27376979701,85680114617,15378931485 --s1p 6 --s2p 6
-f 65390223849,41954781453,32853500763,49179577665,76488194100 --s1p 2 --s2p 0
-f 29235064112,43889450673,53671668870,76923036750,6278556795 --s1p 2 --s2p 4
-f 67640803551,67990360051,63280978442,99770231812,45887320884 --s1p 1 --s2p 2
-f 13372292537,72861628113,66782503662,19565417780,95542081696 --s1p 4 --s2p 4
-f 68733631176,7856129414,99634174815,91614565030,2107590935 --s1p 3 --s2p 1
-f 39168270247,89327649704,32168678813,81526882875,31682995836 --s1p 6 --s2p 0
-f 83428868919,76384533448,43199213695,78192653512,76621364439 --s1p 6 --s2p 0
-f 98241232398,70535407243,66622202590,64314047277,5535491404 --s1p 0 --s2p 1
-f 22363388182,54688713143,22009541338,26285713322,63341576750 --s1p 4 --s2p 1
-f 85843652411,58861724976,69757104690,35905179764,84762487471 --s1p 0 --s2p 5
-f 2943998249,1032147419,60384538721,19284658106,14608917388 --s1p 2 --s2p 3
-f 79257666634,25964766558,86980973702,20474333640,93375715147 --s1p 5 --s2p 3
-f 31668245105,96049360365,99625359160,84912530220,42300838346 --s1p 2 --s2p 6
-f 33737068801,48434365885,10482677516,57316392703,77897441120 --s1p 5 --s2p 3
-f 44438204748,52018687922,32079289364,48612990081,51717329390 --s1p 5 --s2p 4
-f 90484837171,3667744248,91133876577,47170421951,9603883981 --s1p 3 --s2p 6
-f 26381609971,56784250473,95281400499,83509183243,9772966868 --s1p 2 --s2p 3
-f 24681295419,25855178334,13588550192,17472881249,71547417094 --s1p 5 --s2p 3
-f 70175522835,56927721573,65908588811,75829046751,28389653261 --s1p 1 --s2p 1
-f 44885077968,1636947528,62575154114,32391050689,70490889301 --s1p 3 --s2p 5
-f 71726381687,2161674956,1203417518,65173906553,93388211445 --s1p 3 --s2p 3
-f 55766813640,45533225849,71055485018,40278802473,71137920564 --s1p 2 --s2p 4
-f 10903693517,94129492956,12580292988,67506345005,28433034347 --s1p 4 --s2p 6
-f 10334774756,14291579414,73658838471,63233336825,71538317124 --s1p 6 --s2p 5
-f 62784414968,10895341214,99474280817,49841014910,1007869604 --s1p 1 --s2p 0
-f 38968168434,85485915979,83237593323,62950989040,76366625607 --s1p 1 --s2p 2
-f 90762283553,96325794332,12188454513,61083070628,81622704552 --s1p 3 --s2p 4
-f 29458063013,80370919629,88827931734,21338717117,94159784544 --s1p 5 --s2p 3
-f 55349029677,63973277628,94535374990,35532365653,15473412924 --s1p 2 --s2p 6
-f 11033552349,45500945588,1808787865,75561462592,34051454388 --s1p 5 --s2p 4
-f 69669600960,64031313285,85476157851,30363075916,83638605366 --s1p 1 --s2p 3
-f 56494600695,87985215610,90590903231,29720162444,93987307343 --s1p 6 --s2p 0
-f 76455349962,55333051024,58729105940,48735751646,89600251970 --s1p 2 --s2p 1
-f 65864201844,1226592393,2415924662,86274343096,72036655291 --s1p 4 --s2p 4
-f 18525556089,11168639973,4393615201,56045988447,78901935712 --s1p 0 --s2p 4
-f 87634973936,93866182839,39217677148,87473356082,15419868783 --s1p 3 --s2p 5
-f 25784708484,3438070339,31207378284,89163161433,40898596252 --s1p 3 --s2p 4
-f 3882591686,45280690129,81857283950,37804066101,75529827027 --s1p 1 --s2p 2
-f 63848066886,37840880202,68614345542,18993998579,26672924430 --s1p 6 --s2p 5
-f 18142315138,65127692958,61502316946,6092923596,61995059989 --s1p 5 --s2p 1
-f 21774096421,28582598466,51156668194,35972813762,97633778016 --s1p 3 --s2p 4
-f 30871984740,4689019120,66846239439,23522722842,96024953034 --s1p 1 --s2p 0
-f 82316448194,11574933575,78839168066,34775221950,93657292904 --s1p 6 --s2p 3
-f 70475546149,59018773256,10621658288,7190170046,24914817014 --s1p 4 --s2p 3
-f 91360845304,23523194187,89475416041,45901764034,97947533675 --s1p 2 --s2p 0
-f 70514265963,72124090115,62622958538,98856420823,45600326036 --s1p 4 --s2p 2
-f 37661067674,67117011137,51226652946,96300233588,21912311326 --s1p 1 --s2p 2
-f 27823955896,25201832560,96049116978,16790884569,49906645027 --s1p 2 --s2p 5
-f 24150123319,94916102822,72876880310,16252240743,78360689027 --s1p 0 --s2p 2
-f 60355121550,19585002233,84544723793,56107376170,21662882382 --s1p 0 --s2p 1
-f 36400497217,35999381026,24611091563,11924052141,41861891058 --s1p 0 --s2p 4
-f 56794363369,39487039056,17383575632,9215607755,52606103830 --s1p 2 --s2p 3
-f 55355458092,98230415339,90455188314,23317508573,93992907513 --s1p 1 --s2p 5
-f 6586198376,40509684053,13974346362,35680899078,19714507804 --s1p 3 --s2p 3
-f 78430026632,13732242968,89286016654,8270279223,98553693026 --s1p 1 --s2p 3
-f 65412480721,58880259088,83873169913,53740228311,15045256380 --s1p 1 --s2p 2
-f 72898930319,42627962876,84811543293,98673479386,86858443182 --s1p 1 --s2p 1
-f 54075264006,17219905676,56579581395,28860332755,79122298932 --s1p 2 --s2p 4
-f 41963510179,47048104210,67403831507,93267478224,10937713954 --s1p 1 --s2p 3
-f 25778279580,25543750572,88869511512,83771726175,99642456332 --s1p 4 --s2p 3
-f 14048461511,46761539822,57845340772,54581405224,36640708074 --s1p 1 --s2p 2
-f 27590597990,51401249625,32030423143,97661069787,439271609 --s1p 1 --s2p 3
-f 77261586912,9090306025,26073246455,2951076758,79712162565 --s1p 5 --s2p 1
-f 44232784140,74187492246,58217786873,84909371291,60750365361 --s1p 6 --s2p 2
-f 92161940057,73898048855,92560820299,20088054806,64168852622 --s1p 4 --s2p 1
-f 54941619758,76165881012,5001376808,42009133002,26838596469 --s1p 2 --s2p 0
-f 88768589135,11660362395,89944960207,75549955707,32329573632 --s1p 2 --s2p 3
-f 78776904733,79931727418,98802341093,17738654449,88089071821 --s1p 4 --s2p 1
-f 48640763798,76612610058,81991820594,52825973286,54910192011 --s1p 2 --s2p 4
-f 34913154185,45675076604,49138732953,42926023351,81411584746 --s1p 5 --s2p 0
-f 98746733432,99770697649,63067795276,72296359916,30450664074 --s1p 4 --s2p 1
-f 70419355276,22958952122,8088929266,39094475448,59895223273 --s1p 5 --s2p 6
-f 85883989609,86810758061,99427520899,62882921016,34704612511 --s1p 1 --s2p 2
-f 92487970271,84966151858,48697621855,82877983973,23257779745 --s1p 6 --s2p 6
-f 95021842521,81089361141,9711917758,6934143271,86274686455 --s1p 5 --s2p 5
-f 62312405854,1364104005,53738713997,85778021219,67634549745 --s1p 4 --s2p 1
-f 32859778563,42780576068,29663460481,69044766191,11490452937 --s1p 5 --s2p 6
-f 2801694147,53937467188,21337489237,86207619448,10195154475 --s1p 6 --s2p 0
-f 65889435375,84379701631,58935060173,15511843852,27514504736 --s1p 6 --s2p 0
-f 52801655650,4697194246,9052062841,54204540342,43563128552 --s1p 5 --s2p 4
-f 66775874151,36941576480,31093269550,51561328751,26070365938 --s1p 1 --s2p 5
-f 74420227686,55650549100,87958756533,8672424167,92121194644 --s1p 6 --s2p 0
-f 79751600417,64807772430,93488621076,55053204038,88970560093 --s1p 4 --s2p 3
-f 45228246642,90805173045,91021240822,5843477128,25602814407 --s1p 5 --s2p 6
-f 28388833254,9207049213,81890431772,81619649333,62034115731 --s1p 3 --s2p 5
-f 44703520540,2169897921,53066066334,87354290723,70891234190 --s1p 3 --s2p 4
-f 91242241603,40817153096,34517930662,13475197869,15764250163 --s1p 4 --s2p 2
-f 52347040549,57839174798,59143866537,9185982579,22382107733 --s1p 0 --s2p 3
-f 18073092423,86679437161,57561094461,41151390915,15041697266 --s1p 3 --s2p 5
-f 76506722419,50474606157,28405289842,64938661930,48989258484 --s1p 1 --s2p 1
-f 43881361605,4793860495,18746807289,74312689663,20149082694 --s1p 5 --s2p 2
-f 49240946640,56274577877,56778042578,75981211381,94786666077 --s1p 5 --s2p 0
-f 78286495295,62737296975,83781679712,14995533873,59079762373 --s1p 6 --s2p 4
-f 27263594923,30441480312,17652439734,45676578629,3136176604 --s1p 3 --s2p 5
-f 94244048005,30082655873,54095774203,58672966590,9052109848 --s1p 1 --s2p 4
-f 75105743110,25393743142,94008188645,18066044950,74450669219 --s1p 3 --s2p 1
-f 46591233520,13770599877,50571489746,82070279621,29230828070 --s1p 4 --s2p 4
-f 8151701441,28685412129,72181810299,16866600429,9128470490 --s1p 6 --s2p 4
-f 89542029648,2485727371,71373539732,87512530237,67033903892 --s1p 1 --s2p 5
-f 6794794198,62773927464,75781323475,26113764008,17986907889 --s1p 0 --s2p 6
-f 86933649835,57283063721,73253248598,1911500926,97927434652 --s1p 6 --s2p 5
-f 29668225525,86736831290,21301482579,95058527880,1376878855 --s1p 1 --s2p 0
-f 51222621668,21558710229,82418165798,98518096640,12590767738 --s1p 1 --s2p 0
-f 62359003543,40362492897,13017363379,58239756283,90059514466 --s1p 5 --s2p 3
-f 10944091544,2984070275,42088759803,95061831613,37729183926 --s1p 2 --s2p 4
-f 76637532333,47767861927,60102894436,18624724431,9712319194 --s1p 4 --s2p 4
-f 7461281206,6880405177,23545548648,667548241,3980949066 --s1p 6 --s2p 5
-f 95478064777,58014641996,54813372057,51565234683,3702707999 --s1p 2 --s2p 4
-f 38504550011,234557893,2926042753,53613512746,56818665359 --s1p 5 --s2p 3
-f 53601238669,15202802146,65827316380,60185602005,73660248412 --s1p 6 --s2p 3
-f 81957047148,53767130750,57416681340,87363828270,77494993124 --s1p 3 --s2p 1
-f 29247844779,59683946323,9397168778,61454268005,3205273513 --s1p 0 --s2p 0
-f 62895716494,57160767902,56957918634,3844599866,59297671167 --s1p 1 --s2p 4
-f 78740047782,50665945860,3031107220,10585110673,31190877425 --s1p 6 --s2p 6
-f 52498404068,46005605353,21366961793,37648700062,27375091657 --s1p 6 --s2p 6
-f 49465169578,46279465609,49363066425,40689419653,99117222410 --s1p 1 --s2p 1
-f 12505937665,31048302649,78061912077,93952483854,77397155117 --s1p 3 --s2p 2
-f 21220129124,66848315732,879429917,89309899704,88571357163 --s1p 3 --s2p 1
-f 1081244418,36579855957,96476325485,23811358876,3417682040 --s1p 5 --s2p 0
-f 30753732682,81888906224,71466134962,5530048185,55512122618 --s1p 0 --s2p 4
-f 28450918392,55589159879,38534002444,78732222109,99826090764 --s1p 6 --s2p 2
-f 1765446126,7920449337,75132897325,85847738989,26752600362 --s1p 3 --s2p 0
-f 32640905687,97544332050,72654306956,1345664157,14565190330 --s1p 0 --s2p 1
-f 37767995164,47140676670,98866160888,12473570050,40944077410 --s1p 2 --s2p 5
-f 59537175588,59037218302,97079888973,59203623492,27523437289 --s1p 6 --s2p 2
-f 10416871225,45387894483,70594060646,203060369,64110751130 --s1p 2 --s2p 5
-f 2763093639,63270347301,19196050464,50989094738,34689757267 --s1p 2 --s2p 0
-f 12382237342,42174006913,39504200783,36722073167,57713683204 --s1p 5 --s2p 5
-f 66092133082,93073449201,42144380654,52979405508,69738032265 --s1p 4 --s2p 5
-f 89293296290,34100506439,88642534374,57257262134,27221739604 --s1p 2 --s2p 1
-f 45673879320,70863546144,87205041520,64234148287,20471864712 --s1p 4 --s2p 5
-f 8190382082,36878558183,56372537557,15716399734,42401633796 --s1p 6 --s2p 6
-f 76575072910,16940952044,85896697102,53822122820,998143487 --s1p 3 --s2p 2
-f 32035232031,73074260737,68118485864,27352729778,3235758538 --s1p 6 --s2p 5
-f 70770527362,9804002276,5019480161,57095926404,24995697472 --s1p 1 --s2p 6
-f 70659814967,1786040612,36973237862,23671072229,34274754288 --s1p 3 --s2p 0
-f 76508962268,91637180657,24542256791,3885083857,30502112839 --s1p 2 --s2p 4
-f 18832811749,55491908464,60819616974,31788617513,86059266385 --s1p 4 --s2p 4
-f 70283389581,86669068590,14801219214,44417883847,24727592820 --s1p 6 --s2p 0
-f 22471079489,97197897904,56138952293,9711609553,61830152672 --s1p 3 --s2p 4
-f 17037189973,88479135537,58442109040,5662258580,42613898930 --s1p 6 --s2p 5
-f 48428289620,31210615258,86824184092,32741323834,71126152917 --s1p 2 --s2p 5
-f 32144376547,19294998991,41623739956,37645503084,58774345490 --s1p 6 --s2p 4
-f 75341847388,11319533578,94860560451,97953738439,57232716994 --s1p 0 --s2p 4
-f 80958440023,75149449098,76944706366,41546011866,63474187446 --s1p 3 --s2p 3
-f 32641428154,15263245809,36718171034,39080962182,17017288274 --s1p 4 --s2p 4
-f 48625335979,97100186313,64044829844,66990394028,84560077404 --s1p 0 --s2p 3
-f 99555782927,66552018381,57218550376,70555755836,89039958232 --s1p 2 --s2p 5
-f 76442636029,15299729571,55452507450,71251984714,65306946706 --s1p 1 --s2p 0
-f 62948585364,69165757504,63337225707,45081974787,81024886727 --s1p 3 --s2p 4
-f 71184536295,68223658838,50054779532,51474938364,69713991384 --s1p 0 --s2p 3
-f 25586685855,75913134261,11086400339,98729881848,14920502187 --s1p 3 --s2p 0
-f 29023185830,72510132701,32931921797,50292283392,62658646638 --s1p 3 --s2p 6
-f 62866023697,13040951189,89503425724,19741988480,84828132122 --s1p 5 --s2p 0
-f 64571453293,26407288850,4873503428,54700351417,56334250063 --s1p 0 --s2p 2
-f 21788597678,43905716821,3004729885,2718255460,97016545188 --s1p 4 --s2p 2
-f 66503998226,4274015728,34625606488,89048085260,81344149427 --s1p 2 --s2p 1
-f 34021228534,32241159242,44736347424,4781039663,87202514349 --s1p 6 --s2p 4
-f 75225187626,74901229482,11992902690,98916737316,61800183909 --s1p 3 --s2p 2
-f 32417778420,55179335566,44226209556,7455061834,28925296382 --s1p 0 --s2p 1
-f 68522758571,45300693946,26199836209,4416901179,76197687595 --s1p 6 --s2p 5
-f 87625778595,34008782408,58582601635,38398422061,2045714468 --s1p 6 --s2p 0
-f 55606544806,86659856826,14318201880,49848402414,89731319405 --s1p 1 --s2p 0
-f 93298351657,39397741599,89815606115,4188109735,94045082911 --s1p 0 --s2p 3
-f 36842931333,90552959496,147547195,41125688309,49260107389 --s1p 2 --s2p 4
-f 28720016687,84546205973,17843192372,13202348070,95703668290 --s1p 1 --s2p 3
-f 71416122616,18737217248,76614021248,87795704604,98770772227 --s1p 3 --s2p 5
-f 68431434513,90396630979,27206253777,35034166900,94321139783 --s1p 6 --s2p 1
-f 88214471280,31387823183,1838209481,42208016297,56844290222 --s1p 5 --s2p 6
-f 85768239839,54584765452,39662306790,90954888496,88078110715 --s1p 6 --s2p 1
-f 67307138091,84587536185,49519846895,16459435043,59377508028 --s1p 6 --s2p 3
-f 86057617548,72820783073,17029911817,51596811049,76743300100 --s1p 2 --s2p 0
-f 36930772109,41396025236,16444323837,55771110630,21076518670 --s1p 6 --s2p 0
-f 24505792769,43777129971,7407544382,84236703481,7049409475 --s1p 2 --s2p 1
-f 21221353836,25196892332,21139139518,93109890087,30865374545 --s1p 5 --s2p 6
-f 73344082913,88272787954,84388495317,75538978069,91044024103 --s1p 0 --s2p 3
-f 95209221817,51473639483,78570969028,35149502201,44428561518 --s1p 3 --s2p 6
-f 30595567079,17839907696,29853768572,37203983315,67743347357 --s1p 1 --s2p 1
-f 98970579932,80828841258,42445552362,53765778688,76349793152 --s1p 5 --s2p 1
-f 99324508984,73038518165,50720332231,14496937287,75139822933 --s1p 1 --s2p 1
-f 17484551012,94214728097,51996820266,15219030527,86138147523 --s1p 1 --s2p 5
-f 60440630396,99397807575,87655804570,86314774990,10518070190 --s1p 0 --s2p 4
-f 11379329296,98851952096,95430289116,98940189399,22368108671 --s1p 4 --s2p 3
-f 23543533553,53610347006,39322481995,25491291921,35001837206 --s1p 1 --s2p 2
-f 86865916839,82659461142,81782120630,70110892010,20179526580 --s1p 4 --s2p 4
-f 61120060300,31125493633,63418568818,63999683143,35161200413 --s1p 5 --s2p 4
-f 15166860823,62211811325,60995801827,67361251391,80085438167 --s1p 1 --s2p 3
-f 40935509946,53008096323,24404369797,2925654967,31849747396 --s1p 5 --s2p 5
-f 9890071307,89731606578,42092160505,34901072277,27170914476 --s1p 4 --s2p 4
-f 14868438052,84657850591,73275009110,82632528335,17572783863 --s1p 3 --s2p 5
-f 6276512608,79334674426,34533307965,99525303523,2058335865 --s1p 5 --s2p 3
-f 62818657368,11729781418,6957842974,14604018463,51007199226 --s1p 0 --s2p 6
-f 82999460912,30284729760,30934783078,73858511956,98565240470 --s1p 6 --s2p 2
-f 96586892758,36888851730,83598805605,20711484313,15137523780 --s1p 6 --s2p 5
-f 85045479817,3157126684,3241488650,17091124827,33656475236 --s1p 6 --s2p 5
-f 13990517172,45298206495,8413939873,80543934099,88775351244 --s1p 4 --s2p 2
-f 21202530798,56881150373,36474641362,92293765221,41058537669 --s1p 6 --s2p 0
-f 17110038631,69254754509,69211415289,51283132229,62897742015 --s1p 3 --s2p 0
-f 15446849742,12720525143,40716527330,7012049576,13376140069 --s1p 5 --s2p 5
-f 47500745691,26207467748,76418881313,73844243507,62009736110 --s1p 4 --s2p 2
-f 71893511166,45180752562,55314345160,84938023927,75022257627 --s1p 6 --s2p 4
-f 76602959594,91689185709,137505433,92925681533,27409567620 --s1p 2 --s2p 4
-f 93840951729,61649272367,13221454806,72862045892,77879879172 --s1p 2 --s2p 1
-f 94223547429,45550718400,67296809761,81448795490,40415200423 --s1p 6 --s2p 2
-f 45866654589,63735686297,31830301800,11502214701,57722205690 --s1p 6 --s2p 2
-f 30345128996,4371426878,49347769562,74486701739,53318650171 --s1p 4 --s2p 3
-f 54515894768,77725509501,39498110474,34503839743,89140533607 --s1p 5 --s2p 3
-f 159360777,59621435703,74419851724,35834283750,6039269772 --s1p 1 --s2p 5
-f 85808778539,64567832912,24451393936,59522694215,17558348491 --s1p 0 --s2p 3
-f 3562143427,39986531143,92812169635,78165344097,6294710549 --s1p 0 --s2p 6
-f 23258930021,87869185017,17071630815,9640131885,1710000091 --s1p 4 --s2p 3
-f 15927348470,88713234421,64664958713,27962648827,40557470825 --s1p 5 --s2p 6
-f 887880665,63512068931,57548244667,56682674473,6926022595 --s1p 3 --s2p 0
-f 57817543056,87410063649,84954397461,90500968520,71009497638 --s1p 2 --s2p 2
-f 98327457428,25007568201,8429573485,48043886581,89070032269 --s1p 4 --s2p 3
-f 9796223645,63821955540,84900144726,65326041620,39433138162 --s1p 6 --s2p 0
-f 46717726738,85024213826,45174303534,55109986412,31772906984 --s1p 4 --s2p 4
-f 22592499420,77717591655,14752885049,64295397547,1603943904 --s1p 0 --s2p 1
-f 59485050429,12246895033,27895304443,34922621780,1840578515 --s1p 2 --s2p 3
-f 13669039858,20934211903,7391129098,84189372356,91071012828 --s1p 5 --s2p 6
-f 24028167692,80870807857,58245621376,84816684172,82763573598 --s1p 2 --s2p 2
-f 36589219960,74625429841,73490667122,81072946870,21643033371 --s1p 5 --s2p 3
-f 41944244483,10009687555,12545899940,7640358825,2409150888 --s1p 0 --s2p 2
-f 38270438631,43910106227,99587665071,54439434497,66058711001 --s1p 6 --s2p 5
-f 31770461962,52643539124,95395395120,87506990311,59569893396 --s1p 5 --s2p 4
-f 93063528302,86806829488,98508043708,30616663612,20968508670 --s1p 3 --s2p 0
-f 80313209636,37036422721,9345087,56235934129,57203328839 --s1p 1 --s2p 2
-f 31140940799,70599389322,2874957761,94203447083,19180292024 --s1p 4 --s2p 5
-f 63178946213,7078499703,60156818396,27689842289,75362444222 --s1p 1 --s2p 2
-f 99898129901,54042851601,48199336428,83019650763,6202419212 --s1p 1 --s2p 5
-f 40066959511,67125734079,99565099353,72440880073,99796030280 --s1p 5 --s2p 2
-f 63193058713,91285441930,79734328398,15820271003,95462863486 --s1p 0 --s2p 5
-f 45342889375,39113883512,56309253192,28389457725,37741835573 --s1p 4 --s2p 5
-f 59510145736,26396633115,16962960197,87972767377,8844727340 --s1p 3 --s2p 4
-f 80089345791,2653982216,85236173488,62718366689,50848049975 --s1p 2 --s2p 4
-f 52283702887,22852574281,29451363436,15691668642,56221645346 --s1p 2 --s2p 6
-f 34808344930,9707473224,93715365668,93986220597,61228684996 --s1p 3 --s2p 0
-f 69859391323,83073740754,61198442730,75556229829,16339736294 --s1p 6 --s2p 3
-f 86741407149,71603889265,13439358697,57053347206,1782005083 --s1p 4 --s2p 6
-f 20658529284,18820108808,4549648167,9199343112,53032169439 --s1p 6 --s2p 5
-f 11776785957,46593854243,44815292315,88553871885,93403841961 --s1p 2 --s2p 1
-f 1496916061,67424537604,18594817747,94057970080,79058557010 --s1p 3 --s2p 5
-f 71562279547,19802079794,41440714098,7686530933,52544798709 --s1p 4 --s2p 4
-f 52443089843,81006775891,24285100992,13385621226,86727271304 --s1p 3 --s2p 6
-f 84724288274,96314361438,33214412729,10594600988,36285651835 --s1p 6 --s2p 2
-f 20689149890,44093416200,45450142067,72206320026,17029837636 --s1p 1 --s2p 2
-f 32152191517,4902510558,7315212388,11220078971,68355017321 --s1p 2 --s2p 0
-f 9492453541,4889378181,38926503721,80781821806,3194561156 --s1p 1 --s2p 0
-f 84871932151,82957828738,9305938920,49519230027,21993398891 --s1p 0 --s2p 5
-f 85283532506,22937008080,17862347828,4797277074,32357462635 --s1p 4 --s2p 3
-f 79740740086,8203761336,64321369854,37090941109,14731363767 --s1p 4 --s2p 3
-f 23228126608,47188753238,22985602807,15684987811,29150319826 --s1p 3 --s2p 1
-f 32842668991,91616719727,38721957158,62609441420,3466195862 --s1p 1 --s2p 0
-f 75705346363,8477268398,57020059892,47615534377,96986475933 --s1p 3 --s2p 4
-f 76058987644,90777839435,48092006721,56095481553,13881241474 --s1p 6 --s2p 6
-f 97030913954,24777340067,56067575320,63122295429,30586353052 --s1p 4 --s2p 1
-f 9326575547,61665633431,71648240590,69170451027,78031871912 --s1p 0 --s2p 6
-f 25848974100,89847117513,29018648344,42912119342,70110769714 --s1p 2 --s2p 5
-f 51967589140,68218129365,85917523192,85699295984,8100292638 --s1p 0 --s2p 4
-f 59525975658,25443466564,21042808505,70995738994,33600935172 --s1p 4 --s2p 5
-f 97128405703,33269889114,65627656779,50124910233,43405725784 --s1p 0 --s2p 3
-f 97384227975,39438250332,74033097419,78293221148,99272578644 --s1p 5 --s2p 5
-f 79287810384,51636938351,87981841941,23608519905,92258974331 --s1p 1 --s2p 6
-f 27818329656,32458604215,23513077091,53197425981,14891975166 --s1p 0 --s2p 5
-f 22526284401,77300035134,51020962301,18935579958,30038420836 --s1p 1 --s2p 0
-f 46437839851,64748222409,18133127171,61299940493,57581901751 --s1p 0 --s2p 0
-f 34431637243,82550160968,89612503060,16109060999,12364280454 --s1p 6 --s2p 6
-f 28712852533,97484112187,57498579561,77071536692,88179689031 --s1p 0 --s2p 2
-f 86074908409,35296411645,61257001459,30321566007,83804619469 --s1p 4 --s2p 1
-f 82678096157,92013776631,25878956762,57067174690,41204508610 --s1p 4 --s2p 2
